P7-Q2 verification
df_clean shape: (499965, 26)
pair nonmissing distance/fare: 489969
positive distance used: 484715
temporary excluded total: 15250
missing distance rows: 9996
nonpositive distance rows: 5254
missing fare rows: 0
Pearson raw distance/fare: 0.6826546004
Spearman raw distance/fare: 0.8569198647
Pearson log1p(distance) vs raw fare: 0.7622955843
Pearson log1p(distance) vs log1p(fare): 0.8664977770
Spearman log1p(distance) vs raw fare: 0.8569198647
quantile bins: 20
first bin median distance: 0.4533273622
first bin median fare: 4.1000000000
last bin median distance: 14.5728599449
last bin median fare: 37.8300000000
first bin median fare/km: 9.8015329784
last bin median fare/km: 2.5055457785

Binned summary:
 bin_number  observations  distance_min  distance_median  distance_max  fare_mean  fare_median  fare_q1  fare_q3  fare_per_km_median
          1         24236      0.000084         0.453327      0.615124   6.625541         4.10      3.5      5.3            9.801533
          2         24236      0.615124         0.725777      0.819084   5.058716         4.50      4.1      5.5            6.350979
          3         24236      0.819104         0.900550      0.979614   5.481046         5.00      4.5      6.0            5.593304
          4         24235      0.979621         1.055972      1.131837   5.839124         5.50      4.9      6.5            5.117334
          5         24236      1.131838         1.204844      1.279999   6.246369         5.70      5.0      6.9            4.813710
          6         24236      1.280006         1.356434      1.434658   6.594212         6.10      5.3      7.3            4.566401
          7         24235      1.434685         1.516244      1.601356   7.015306         6.50      5.7      7.7            4.351121
          8         24236      1.601357         1.687915      1.777365   7.455097         7.00      6.1      8.1            4.141248
          9         24236      1.777379         1.871721      1.967220   7.857110         7.50      6.5      8.5            3.952708
         10         24236      1.967220         2.068642      2.178068   8.303667         8.00      6.9      9.0            3.792594
         11         24235      2.178091         2.293892      2.418327   8.831049         8.50      7.3      9.7            3.642832
         12         24236      2.418333         2.550359      2.695411   9.411962         8.90      7.7     10.5            3.485085
         13         24236      2.695419         2.854140      3.028698  10.045968         9.50      8.1     11.0            3.333998
         14         24235      3.028701         3.220261      3.435805  10.859335        10.10      8.9     12.0            3.187840
         15         24236      3.435816         3.677908      3.957441  11.791548        11.30      9.7     13.0            3.030318
         16         24236      3.957498         4.271961      4.631158  13.042302        12.50     10.9     14.5            2.889171
         17         24235      4.631202         5.059654      5.576462  14.704285        14.00     12.1     16.5            2.763963
         18         24236      5.576495         6.220166      7.090090  17.339568        16.50     14.5     19.5            2.652184
         19         24236      7.090238         8.515638     10.105387  24.314159        22.90     18.9     29.0            2.715559
         20         24236     10.105688        14.572860    709.847019  40.100179        37.83     29.0     49.8            2.505546
